[header]
width=16
height=16
tilewidth=16
tileheight=16
orientation=orthogonal

[tilesets]
tileset=../../../../Art/blowharderterrainclear.png,16,16,0,0

[layer]
type=Ground
data=
372,108,58,59,0,1,1,53,104,104,104,53,362,104,104,362,
374,362,108,58,59,0,53,1,104,104,53,53,104,362,104,53,
423,323,1,108,58,59,0,1,53,1,53,104,104,104,104,104,
1,372,362,1,108,58,59,0,1,1,1,1,53,1,53,362,
4,423,323,1,1,108,58,59,0,0,0,0,0,0,0,104,
1,1,374,1,1,1,108,58,58,58,58,58,58,58,59,0,
1,362,423,323,4,1,1,108,109,109,109,109,109,109,109,110,
1,1,1,372,362,1,1,1,1,1,1,1,1,1,1,1,
1,1,1,423,323,1,1,1,1,413,1,311,1,1,413,1,
1,1,4,1,374,1,4,311,1,311,1,1,1,1,1,1,
1,1,411,411,423,323,1,2,1,3,1,3,1,311,1,1,
1,411,360,424,424,422,424,370,320,370,320,370,320,424,424,424,
1,411,411,1,1,372,311,1,3,1,3,1,2,311,1,312,
1,1,411,411,1,372,1,1,1,1,1,311,1,1,312,364,
1,1,1,1,1,372,1,1,1,1,1,1,1,362,363,315,
1,1,1,1,1,372,1,1,1,311,1,1,413,312,316,366

[layer]
type=Cliffs
data=
0,0,0,267,170,0,0,0,0,0,0,0,0,0,0,0,
0,0,0,0,267,170,0,0,0,0,0,0,0,0,0,0,
0,0,0,0,0,267,170,0,0,0,0,0,0,0,0,0,
0,0,0,0,0,0,267,170,0,0,0,0,0,0,0,0,
0,0,0,0,0,0,0,267,268,268,268,268,268,268,170,0,
0,0,0,0,0,0,0,0,0,0,0,0,0,0,267,170,
0,0,0,0,0,0,0,0,0,0,0,0,0,0,0,267,
0,0,0,0,0,0,0,0,0,0,0,0,0,0,0,0,
0,0,0,0,0,0,0,0,0,0,0,0,0,0,0,0,
0,0,0,0,0,0,0,0,0,0,0,0,0,0,0,0,
0,0,0,0,0,0,0,0,0,0,0,0,0,0,0,0,
0,0,0,0,0,0,0,0,0,0,0,0,0,0,0,0,
0,0,0,0,0,0,0,0,0,0,0,0,0,0,0,0,
0,0,0,0,0,0,0,0,0,0,0,0,0,0,0,0,
0,0,0,0,0,0,0,0,0,0,0,0,0,0,0,0,
0,0,0,0,0,0,0,0,0,0,0,0,0,0,0,0

[layer]
type=Tops
data=
0,0,0,0,111,0,0,0,0,0,0,0,0,0,0,0,
0,0,0,0,0,111,0,0,0,0,0,0,0,0,0,0,
0,0,0,0,0,0,111,0,0,0,0,0,0,0,0,0,
0,0,0,0,0,0,0,111,0,0,0,0,0,0,0,0,
0,0,0,0,0,0,0,0,111,111,111,111,111,111,111,0,
0,0,0,0,0,0,0,0,0,0,0,0,0,0,0,111,
0,0,0,0,0,0,0,0,0,0,0,0,0,0,0,0,
0,0,0,0,0,0,0,0,0,0,0,0,0,0,0,0,
0,0,0,0,0,0,0,0,0,0,0,0,0,0,0,0,
0,0,0,0,0,0,0,0,0,0,0,0,0,0,0,0,
0,0,0,0,0,0,0,0,0,0,0,0,0,0,0,0,
0,0,0,0,0,0,0,0,0,0,0,0,0,0,0,0,
0,0,0,0,0,0,0,0,0,0,0,0,0,0,0,0,
0,0,0,0,0,0,0,0,0,0,0,0,0,0,0,0,
0,0,0,0,0,0,0,0,0,0,0,0,0,0,0,0,
0,0,0,0,0,0,0,0,0,0,0,0,0,0,0,0

