[header]
width=16
height=16
tilewidth=16
tileheight=16
orientation=orthogonal

[tilesets]
tileset=../textures/blowharderterrain.png,16,16,0,0
tileset=../textures/blowharder.png,16,16,0,0

[layer]
type=Ground
data=
460,460,460,460,460,460,460,460,460,460,460,460,460,460,460,460,
460,460,460,460,460,460,460,460,460,460,460,460,460,460,460,460,
460,460,460,462,462,460,460,462,460,462,460,460,460,460,460,460,
460,460,462,462,460,460,460,460,460,460,462,462,462,460,460,460,
460,460,462,460,460,460,460,460,460,460,460,460,460,460,460,460,
460,462,460,460,780,883,781,781,883,883,781,779,883,883,883,883,
460,460,460,460,831,460,460,460,460,460,513,831,512,460,460,462,
460,460,460,460,833,460,462,460,460,460,460,833,460,460,460,460,
460,460,460,460,833,460,460,460,460,512,460,831,460,462,460,460,
460,460,460,460,831,462,460,460,460,460,460,833,460,460,462,460,
460,460,460,780,829,883,883,781,781,781,883,884,460,460,460,512,
460,460,460,831,460,460,460,460,460,460,460,460,460,460,463,463,
460,460,512,831,460,462,460,460,462,460,462,460,460,460,460,460,
883,883,883,884,460,460,460,460,460,460,512,923,460,460,460,460,
460,462,460,460,460,462,460,460,462,460,460,460,460,460,460,460,
460,460,460,462,460,460,512,460,460,460,460,460,460,460,460,460

[layer]
type=Middle
data=
673,622,670,670,673,670,670,670,670,670,670,673,670,670,722,563,
622,673,670,721,721,721,721,721,721,721,721,721,721,722,0,0,
673,670,722,0,0,668,0,0,0,0,0,0,0,668,0,563,
670,722,0,0,0,0,0,0,668,0,0,0,0,0,0,0,
671,668,0,0,0,0,0,563,0,0,0,0,0,565,0,1022,
671,0,0,972,0,0,0,0,0,0,0,0,0,0,0,0,
671,668,0,0,0,0,0,0,0,0,0,0,0,624,625,626,
671,0,565,0,0,0,0,474,476,0,615,0,0,675,676,677,
671,0,668,0,0,614,0,576,578,0,0,0,0,726,727,728,
671,0,0,563,0,0,564,0,0,0,0,0,0,0,0,0,
722,0,0,0,0,0,0,0,0,0,0,0,1023,0,0,0,
0,668,0,0,0,0,0,565,971,0,0,0,0,0,0,0,
972,0,0,0,0,0,0,0,0,0,0,564,0,565,628,727,
0,0,0,0,0,0,0,0,0,0,0,0,628,727,976,1028,
0,0,0,0,0,0,0,0,0,974,628,727,976,1027,1028,517,
0,0,0,0,0,0,0,974,628,727,976,1027,1028,517,517,517

[layer]
type=Tops
data=
0,0,0,0,0,0,0,0,0,0,0,0,0,0,0,0,
0,0,0,0,0,0,0,0,0,0,0,0,0,0,0,0,
0,0,0,0,0,0,0,0,0,0,0,0,0,0,0,0,
0,0,0,0,0,0,0,0,0,0,0,0,0,0,0,0,
0,0,0,0,0,0,0,0,0,0,0,0,0,0,0,0,
0,0,0,0,0,0,0,0,0,0,0,0,0,0,0,0,
0,0,0,0,0,0,0,0,0,0,0,0,0,0,0,0,
0,0,0,0,0,0,0,0,0,0,0,0,0,0,0,0,
0,0,0,0,0,0,0,0,0,0,0,0,0,0,0,0,
0,0,0,0,0,0,0,0,0,0,0,0,0,0,0,0,
0,0,0,0,0,0,0,0,0,0,0,0,0,0,0,0,
0,0,0,0,0,0,0,0,0,0,0,0,0,0,0,0,
0,0,0,0,0,0,0,0,0,0,0,0,0,0,1029,1029,
0,0,0,0,0,0,0,0,0,0,0,0,1029,1029,924,465,
0,0,0,0,0,0,0,0,0,0,1029,1029,924,465,466,466,
0,0,0,0,0,0,0,0,1029,1029,0,570,465,0,0,0

[layer]
type=Cliffs
data=
0,0,0,0,0,0,0,0,0,0,0,0,0,0,0,0,
0,0,0,0,0,0,0,0,0,0,0,0,0,0,0,0,
0,0,0,0,0,0,0,0,0,0,0,0,0,0,0,0,
0,0,0,0,0,0,0,0,0,0,0,0,0,0,0,0,
0,0,0,0,0,0,0,0,0,0,0,0,0,0,0,0,
0,0,0,0,0,0,0,0,0,0,0,0,0,0,0,0,
0,0,0,0,0,0,0,0,0,0,0,0,0,0,0,0,
0,0,0,0,0,0,0,0,0,0,0,0,0,0,0,0,
0,0,0,0,0,0,0,0,0,0,0,0,0,0,0,0,
0,0,0,0,0,0,0,0,0,0,0,0,0,0,0,0,
0,0,0,0,0,0,0,0,0,0,0,0,0,0,0,0,
0,0,0,0,0,0,0,0,0,0,0,0,0,0,0,0,
0,0,0,0,0,0,0,0,0,0,0,0,0,0,677,0,
0,0,0,0,0,0,0,0,0,0,0,0,677,0,728,0,
0,0,0,0,0,0,0,0,0,0,677,0,728,0,0,0,
0,0,0,0,0,0,0,0,677,0,728,0,0,0,0,0

[layer]
type=Text
data=
0,0,0,0,0,0,0,0,0,0,0,0,0,0,0,0,
0,0,0,0,0,0,0,0,0,0,0,0,0,0,0,0,
0,0,0,0,0,0,0,0,0,0,0,0,0,0,0,0,
0,0,0,0,0,0,0,0,0,0,0,0,0,0,0,0,
0,0,0,0,0,0,0,0,0,0,0,0,0,0,0,0,
0,0,0,0,0,0,0,0,0,0,0,0,0,0,0,0,
0,0,0,0,0,1582,1633,1741,1637,1740,0,0,0,0,0,0,
0,0,0,0,0,0,0,0,0,0,0,0,0,0,0,0,
0,0,0,0,0,0,0,0,0,0,0,0,0,0,0,0,
0,0,0,0,0,0,0,0,1599,1597,1550,0,0,0,0,0,
0,0,0,0,0,0,0,0,0,0,0,0,0,0,0,0,
0,0,0,0,0,0,0,0,0,0,0,0,0,0,0,0,
0,0,0,0,0,0,0,0,0,0,0,0,0,0,0,0,
0,0,0,0,0,0,0,0,0,0,0,0,0,0,0,0,
0,0,0,0,0,0,0,0,0,0,0,0,0,0,0,0,
0,0,0,0,0,0,0,0,0,0,0,0,0,0,0,0

